13.5
71.85
49.04
-1
91.57
14.34
76
74.29
64.74
97.17
86.55
87.48
79.8
85
98.64
15
81.76
79.13
88.66
47.08
20
98.37
48.11
44.29
70.12
47
70.43
77.7
94.87
64.78
16
2.66
57.16
40
23.2
91
81.07
4.34
6.5
82.33
54.3
64.13
8.48
8.62
8.65
74.09
46.82
75.29
57.15
68.13
84.43
80.69
97.32
55.68
69.62
74.82
57.27
46.92
33.82
26.24
1.31
89.36
47
18.62
97.58
49.97
88.89
82.04
72.7
62
19.84
62.72
89.74
39
94.44
72.95
69.48
59.07
80.51
65
18
3.93
37.33
32.47
31.7
90.51
76.07
99.01
34.45
39.9
70
75
84.52
-1
83.73
74.39
55.07
91.28
66.79
78.9
17.83
14.58
-1
96.02
99.6
38
25.51
83.58
78.18
29
7.98
21.76
98.1
79.72
97.06
83.79
9.8
13.78
81.2
63.19
13
81.66
38.7
20.8
58.6
65.77
35.3
76.12
97.05
47.16
71.52
64.8
10
30.68
51
57
34
94.71
82.01
90.81
27.86
5.25
42
79.17
-1
96.49
80.19
15.51
-1
57.87
11.21
64.99
52.54
60.05
77.54
74.66
70.6
99.65
70.68
80.86
21.77
33.61
60.18
29.93
93.31
46
73.36
58.77
9
88.17
-1
80.66
79.75
11.92
2
56.17
7.98
86.11
34.11
80.71
50.82
-1
22.39
30.87
48.95
92.14
89.69
34.25
21.96
25
56.82
27.49
12.36
41.25
77.33
64.19
71.04
21.25
-1
49.32
23.71
62.55
98.45
94.9
87.27
74.77
55.2
25.72
72
70.35
64.38
64.4
26.72
14.3
27.06